time,x,y,z,phi,theta,psi,x_velocity,y_velocity,z_velocity,phi_velocity,theta_velocity,psi_velocity,rotor_speed1,rotor_speed2,rotor_speed3,rotor_speed4
0.06,1.8833613487547867e-09,-1.3432789344586819e-09,0.06996070862250078,6.283184892091622,6.2831847250376605,0.0,1.8842780053386887e-07,-1.3437449053018475e-07,2.3303825220065972,-2.0760301391505744e-05,-2.9117403304694063e-05,0.0,900.000809277385,899.9996311929056,899.9992600799897,899.9984201209586
0.12000000000000001,9.396913120974793e-08,-6.666479722023174e-08,0.27907823901423706,6.2831832745457525,6.283182307390355,0.0,3.7650563027215398e-06,-2.6506405242042117e-06,4.63391161411398,-3.936164996651799e-05,-6.266067470818425e-05,0.0,900.0004240302987,899.9990674526363,899.9983797847293,899.9976276039305
0.18,6.369625307643286e-07,-4.3902451877225365e-07,0.6248188783927646,6.283180036208277,6.283177907615322,0.0,1.6001387949155488e-05,-1.0905460214307372e-05,6.880143238070876,-8.321450572726427e-05,-9.467952763206336e-05,0.0,900.0006497471985,899.999355539071,899.9998399900396,899.9980663635187
0.23999999999999996,2.297882389667648e-06,-1.6090134270497243e-06,1.1029000192661764,6.28317417723798,6.283171961762612,0.0,4.159557262056504e-05,-3.020190726055341e-05,9.041442290954729,-0.00012654001505412222,-0.00010793654132221263,0.0,900.000557880862,900.0000235959593,899.9999396187665,899.9981882291746
0.3,5.9527926657523795e-06,-4.4220995313957826e-06,1.7074994342315586,6.283165765141337,6.2831654426558785,0.0,8.250436175588836e-05,-6.645601464122495e-05,11.094286470067678,-0.00016754344909919526,-0.00011008254487378365,0.0,899.999959862998,899.9998755316327,900.0000161497239,899.9983596281093
0.36000000000000004,1.2500862556786967e-05,-1.0039095497424204e-05,2.431530497336373,6.283154111737472,6.283160343860516,0.0,0.00013750928325843948,-0.0001243577923335166,13.020147627128761,-0.000247645866368556,-3.481331285300359e-05,0.0,899.997958605302,900.0010076420054,900.0012561644737,899.9980179887849
0.4200000000000001,2.256924797445629e-05,-1.994055984167296e-05,3.2669561823318705,6.283137929659601,6.283159696671557,0.0,0.0001980387368994222,-0.00021036898042189772,14.805900856241392,-0.00031385626483477667,3.723224714518224e-05,0.0,899.9974961670091,900.0004131482563,900.0011321905305,899.9984579821471
0.48000000000000015,3.614724025210469e-05,-3.598981760966321e-05,4.205114366786119,6.283119067403771,6.283163862032367,0.0,0.00025295955833433344,-0.0003296295112162419,16.443799587224092,-0.00031540048255398627,0.00013373717013199355,0.0,899.9969617387119,900.0008672871595,900.0005951822383,900.0005399832087
0.5400000000000001,5.2579822946390015e-05,-6.0152326170388234e-05,5.237029504966271,6.283100539165428,6.283173311364951,0.0,0.0002916926910361652,-0.00047992939537711574,17.93106045567845,-0.0002956119390789509,0.0002049583605110765,0.0,899.9970932643869,899.9999732480355,900.0003236470286,900.0011320575902
0.6000000000000002,7.065034647288174e-05,-9.409096782135862e-05,6.353691658465759,6.2830829603321305,1.2503780979500334e-06,0.0,0.00030684347587692766,-0.0006544227053914153,19.26920717759651,-0.0002877173977844307,0.0002523797725319899,0.0,899.9976360151151,899.9995509865109,900.0009359906196,900.001262479479
0.6600000000000003,8.884049715362488e-05,-0.00013906252222068452,7.546290493876953,6.283065932740644,1.8676818578811094e-05,0.0,0.00029533275896003006,-0.000846905090258682,20.46324267048656,-0.0002759445546163686,0.00036646753882707116,0.0,899.9957202078542,900.000333128243,900.0008832832707,900.001366617132
0.7200000000000003,0.00010542732042212426,-0.000195993378481179,8.806398664281947,6.283048631680408,4.116275697807481e-05,0.0,0.00025264784237012813,-0.0010524739648040842,21.520803384942038,-0.00031317991921542,0.00039135965821675305,0.0,899.998133717927,899.9991329663392,900.0029606642701,900.0014595950217
0.7800000000000004,0.00011849245057125204,-0.00026560376002957253,10.126103882107511,6.283028543991044,6.429541177688236e-05,0.0,0.00017849418660807382,-0.0012696616091161215,22.45130569846536,-0.0003780675283049295,0.0003739088103350601,0.0,899.9986262030303,899.9979105412104,900.0016345142357,899.9990146872628
0.8400000000000004,0.00012629234247430493,-0.000348633451404659,11.498094601651031,6.28300490894895,8.647823871399396e-05,0.0,7.804649911613722e-05,-0.0015001006257409453,23.265258009851387,-0.00042564166627032346,0.000361320898243509,0.0,899.9997628482429,899.9992444615191,900.0004153018525,899.9984978997338
0.9000000000000005,0.00012741662404832998,-0.0004459236329515923,12.915705811666086,6.282977665641912,0.00010850958323871396,0.0,-4.338072977213734e-05,-0.0017451725046228282,23.973622972900497,-0.0005109530203450328,0.00037892500103565405,0.0,899.9989172988116,899.9996216550308,900.0020264117135,899.9985820929639
0.9600000000000005,0.00012070822995590623,-0.0005584118299392984,14.372931493383323,6.282944891137156,0.00012969248171224024,0.0,-0.00018261346252626342,-0.0020071995732494057,24.58734356615672,-0.0006169256551693224,0.0003012351185310693,0.0,900.000410114858,899.997255562101,900.0017042129056,899.9974251900098
1.0200000000000005,0.0001052454557418389,-0.0006872251790330985,15.864412745474972,6.282905255146538,0.00014608874215493728,0.0,-0.000334084851640015,-0.0022899693853577607,25.11700400212385,-0.0007481075537140782,0.00021727366850251542,0.0,900.0001903046209,899.9967835467744,900.0010233785125,899.9957259341091
1.0800000000000005,8.050495396493777e-05,-0.0008337433718333659,17.385408510567046,6.282858633687354,0.00015797751894375267,0.0,-0.0004909843660141098,-0.002598019037410073,25.57258655902155,-0.0008349312077301636,0.00015985687966447193,0.0,899.9986450275776,899.996315013047,899.9999297181823,899.9964313394026
1.1400000000000006,4.6310250887716806e-05,-0.0009995835397495429,18.931754824766614,6.2828069205092145,0.00016707988370523452,0.0,-0.0006487519875038345,-0.0029342964589190714,25.963329067023807,-0.0009158608922746862,0.00013539642867699405,0.0,899.9987349002398,899.9977406832077,900.0009535828767,899.9976957922703
1.2000000000000006,2.6780688329788747e-06,-0.0011864895242008429,20.499816810818082,6.282750056611388,0.00017546438271143217,0.0,-0.0008054616244246682,-0.0033004626855929315,26.29762342540961,-0.0010115610295793535,0.00014843231996074845,0.0,899.9985753627387,899.9991000476525,900.0007184860575,899.9968643779164
1.2600000000000007,-5.0330548079240346e-05,-0.0013963139472529292,22.086437695948316,6.282688090306996,0.00018578757286480396,0.0,-0.0009615360610528781,-0.0036985669515437404,26.583014338935712,-0.0010752346612865704,0.0002192619919683943,0.0,899.9975937738109,900.000458429852,899.9992973724221,899.996742250135
1.3200000000000007,-0.00011275334103595289,-0.0016310226235340204,23.688888251483927,6.28262287976014,0.00020020712580848254,0.0,-0.001119820890704666,-0.004130050656608432,26.826213049903487,-0.0011100723596674013,0.0002824283736995522,0.0,899.9970099276729,899.9995626422178,899.9989565028393,899.9975704751291
1.3800000000000008,-0.0001848264900168503,-0.0018926305615691106,25.304817900132548,6.282555719728915,0.00021798721578658586,0.0,-0.0012836405772513962,-0.004595197334993619,27.033137504911046,-0.0011378666541861833,0.0003241385088567969,0.0,899.9983152635823,899.99999767211,899.9980251693762,899.9969251302354
1.4400000000000008,-0.00026695577125352137,-0.002183156379591895,26.932208730578093,6.282487064372155,0.0002384726270365789,0.0,-0.001455308400041392,-0.005093982091726164,27.208967833149543,-0.0011570399245809063,0.00037597767958269214,0.0,899.9984687704406,900.00056038999,899.998247165302,899.9974968484661
1.5000000000000009,-0.00035967150053152133,-0.0025046182178041325,28.569333042865093,6.282418148062607,0.00026037006130597007,0.0,-0.0016367531092172495,-0.005626360751429616,27.358207686010477,-0.001131737901875308,0.00034290307470593375,0.0,900.0002747353735,899.9989266107061,899.9975609032505,899.9986120389377
1.560000000000001,-0.0004635684745085508,-0.0028590079457632665,30.214714981877858,6.282351355757886,0.0002794097859615263,0.0,-0.0018277517212869454,-0.006191328269864104,27.484758274032693,-0.001076158417872491,0.00026612125015958795,0.0,900.0015053826157,899.9983881032579,899.99711204426,899.9993887117688
1.620000000000001,-0.000579150431028612,-0.0032482214124228545,31.86709624951457,6.282288178793683,0.00029438443162277395,0.0,-0.002025825294410887,-0.0067867920093325025,27.591980130958095,-0.0010065632380406974,0.00021646292955568853,0.0,900.0009959264596,899.9989787848759,899.9965260220946,899.999369026219
1.680000000000001,-0.000706770369517553,-0.003674014272680651,33.52540592029694,6.282228551680465,0.0003076321299921858,0.0,-0.002228823869546781,-0.007410296359605503,27.682767472977076,-0.0009682367285296019,0.00022945930670337139,0.0,900.0004386838003,900.0009598981694,899.9976435839457,899.9992187964915
1.740000000000001,-0.0008467109857448221,-0.004138015192995243,35.18873373254622,6.28217064455858,0.00032150113613127473,0.0,-0.0024366320531330624,-0.008060269955310347,27.75959022327372,-0.0009588822197431061,0.00023453212573321976,0.0,899.9999612089975,900.0001612561978,899.9984401322404,899.998841251358
1.8000000000000012,-0.000999280760024204,-0.004641800509352927,36.85630683205137,6.282112969881442,0.0003353195185438196,0.0,-0.0026498516493449063,-0.008736491650682373,27.824566130480058,-0.0009659707112755614,0.00022185191445714823,0.0,900.0008759075522,900.0003569234545,899.9984205684555,899.998155609191
1.8600000000000012,-0.001164808011956478,-0.005186961944612824,38.52746973146236,6.282054557966886,0.00034781792412541535,0.0,-0.002868489883115114,-0.009439619431087905,27.87949659207271,-0.000988661390661921,0.00018119748962888214,0.0,900.0013588360849,899.9997073217845,899.9981312447487,899.9972346229075
1.9200000000000013,-0.0013435948345613656,-0.005775148903077733,40.20166693738651,6.281995316253251,0.0003572448263797767,0.0,-0.00309161940615093,-0.010170866571503652,27.925919232113955,-0.0009847625493788492,0.00010889731987157675,0.0,900.0009828763034,899.998050799387,899.9983232849354,899.998503936134
1.9800000000000013,-0.0015358548173785781,-0.006408076853413443,41.87842828088386,6.281936155962523,0.00036234325528994304,0.0,-0.0033172356470377554,-0.010931054619800417,27.96514572267543,-0.0009884900140402367,3.707459177889264e-05,0.0,900.0018373057787,899.9989262556767,899.9992029801563,899.9990747108366
2.0400000000000014,-0.0017416653486464822,-0.007087497861780322,43.55735580064792,6.281877847532559,0.0003637558329643298,0.0,-0.003542981706193246,-0.011720686644352423,27.998276247476976,-0.0009384561670094778,-3.5392796543577556e-06,0.0,900.0004914849236,899.9988459344416,899.9978962672512,899.9999451915027
2.1000000000000014,-0.0019609810279295824,-0.007815168619602313,45.23811269314829,6.281822253707578,0.0003629362475843223,0.0,-0.0037672384934937277,-0.012539195113013085,28.02625291892226,-0.0009027851127363622,-3.391231471802378e-05,0.0,900.0005170250987,899.999287137478,899.9974046423329,899.9988708088877
2.1600000000000015,-0.0021936822922384814,-0.008592789469079766,46.92041427382084,6.281769320980359,0.0003606932589983458,0.0,-0.003989061159867896,-0.013385546454583824,28.049874339388086,-0.0008410902146413161,-4.432704585995871e-05,0.0,900.0001552683984,899.9997343167316,899.9967333802045,899.9992526026788
2.2200000000000015,-0.0024396085989179645,-0.00942199243389047,48.60401991558763,6.281719447564349,0.00035777698340222486,0.0,-0.004208050392230892,-0.014258364804688402,28.069813509005346,-0.0008114939964079713,-5.716271464991079e-05,0.0,899.9992464875506,899.9987277427026,899.9976169831986,899.9988349445764
2.2800000000000016,-0.002698585159863647,-0.010304329429984027,50.28872636606549,6.281672266880879,0.0003556533247062177,0.0,-0.004424101159018911,-0.015156546916361216,28.086645614248535,-0.0007360841839909299,8.115400495750925e-06,0.0,899.998258422322,900.0009032442459,899.9965756784371,899.9996482341903
2.3400000000000016,-0.002970470135664817,-0.011241277474262963,51.97436190609012,6.281629918642771,0.00035696496388037957,0.0,-0.004638684288496118,-0.016078376104256237,28.10084894150452,-0.0006453008732234082,4.93423134295281e-05,0.0,899.99875246171,900.0004217798754,899.9952570712098,899.9989504811296
2.4000000000000017,-0.003255237979589195,-0.012234177542790986,53.66078159838089,6.281593095165064,0.0003611467507322885,0.0,-0.0048537867889304875,-0.01702118259227891,28.112839453195537,-0.0005506349362638013,0.00011038152712222036,0.0,899.9983890128575,900.0008596742592,899.9964273928888,900.0002759556567
2.4600000000000017,-0.0035529790235599144,-0.013284199249541457,55.3478630696071,6.281561452385564,0.0003695506773730983,0.0,-0.0050714886708163815,-0.01798200145042497,28.122955242924554,-0.0004809008361021533,0.00019937869729924864,0.0,899.9969280240432,900.0005294352416,899.9970129931606,899.9998497478906
2.520000000000002,-0.0038639321414286045,-0.014392344588627147,57.03550257426387,6.281534480948963,0.0003823280666193085,0.0,-0.0052946297203640205,-0.018958293592312915,28.13148047752696,-0.0003868319964236255,0.00024010345714294988,0.0,899.9950425969965,899.9966871063638,899.9959754102031,899.99979601857
2.580000000000002,-0.004188495160324643,-0.015559464564017883,58.723612568956234,6.281511793697458,0.0003976765628426193,0.0,-0.0055253811046100925,-0.019947427470265577,28.138671736363136,-0.0003607009550055867,0.0002872054232227961,0.0,899.9949487664549,899.996850577754,899.9967021123517,899.9977693466102
2.640000000000002,-0.004527172671948285,-0.01678627464464214,60.412119568348125,6.281490341527396,0.00041487590188893364,0.0,-0.005765324934590597,-0.02094787927243038,28.144742125803464,-0.00035120613766231694,0.00028555587293735727,0.0,899.9965773977999,899.9965038749311,899.9974105337578,899.9978034636998
2.700000000000002,-0.004880541422896638,-0.018073441898805317,62.100961600534035,6.281470096445672,0.0004321307974635147,0.0,-0.006015092156261444,-0.021959289099746808,28.14986335168254,-0.00030985080179682194,0.00029163350011956557,0.0,899.9955348451945,899.9957742800966,899.9976069340997,899.9992898626665
2.760000000000002,-0.00524919393725058,-0.019421602990510364,63.79008644615545,6.281452713087706,0.00044921972384237563,0.0,-0.006274796949926455,-0.0229808011624632,28.154189236222738,-0.0002494889606548544,0.0002711732206754655,0.0,899.9969844900248,899.9961491061973,899.9980973963386,900.0005490469808
2.820000000000002,-0.0056337198322637585,-0.020831315058905637,65.47945005661043,6.281438753405276,0.0004656792564281531,0.0,-0.006544127467725578,-0.024010704208372032,28.157839178404853,-0.00019902097270367027,0.0002806306494851641,0.0,899.9964000493267,899.9967766867691,899.9984935233855,900.0005431091968
2.880000000000002,-0.006034692440396153,-0.022303027968790926,67.16901516039023,6.281427078735689,0.00048365217429857665,0.0,-0.006823115832629592,-0.025047285005980517,28.1609199972879,-0.00018569130723166495,0.00033736500301335677,0.0,899.9956817405687,899.9979726811001,899.999621724401,900.0001661874508
2.940000000000002,-0.006452728177731496,-0.023837112687670706,68.8587502994409,6.281416471746589,0.000506019496890886,0.0,-0.007113243518794405,-0.02608970223304524,28.163519141610337,-0.00015896936541416566,0.0004435556429357729,0.0,899.9948531230665,899.9991455263934,899.9993083000155,900.0003947821095
3.000000000000002,-0.006888583238564454,-0.025433902620403768,70.54862886752362,6.281406071448679,0.0005350139259325815,0.0,-0.007417665084025331,-0.02713739632780633,28.16571121100074,-0.00020209719458536918,0.0005625072868897408,0.0,899.9946005136701,899.9994072337821,900.0006235068462,899.9988807447452
3.0600000000000023,-0.00734323559004213,-0.02709372647772488,72.23862851227769,6.28139393977562,0.0005710750565102174,0.0,-0.007740443333225428,-0.028191036828180683,28.167563583495234,-0.0002023893017792102,0.0006779454140447711,0.0,899.9960848691335,900.0007465656779,899.9994653596701,899.9994582705481
3.1200000000000023,-0.007817911740623596,-0.02881696633984215,73.9287304918476,6.281382254206399,0.0006143291780498217,0.0,-0.008085744072567149,-0.0292512563697416,28.169129582069445,-0.00017950129111820245,0.0008066932056410872,0.0,899.9973113209752,900.0025093599884,899.9986893153134,899.9996209304813
3.1800000000000024,-0.008314092747301901,-0.030604006359239853,75.61891895558637,6.281372893384805,0.0006647267870771856,0.0,-0.008457923102267034,-0.030317557015950836,28.17045250982658,-0.00010907079606924705,0.0009064235487779655,0.0,899.9973882007897,900.0014082271315,899.9989444658906,900.0018008128837
3.2400000000000024,-0.008833512434264466,-0.03245516377814098,77.30918034015302,6.281366785696067,0.0007208680603660866,0.0,-0.008860880371049606,-0.03138818471260216,28.171565561224643,-8.724400671450481e-05,0.000994163268150033,0.0,899.9979666728403,900.0014988710134,899.9987299810883,899.999616437412
3.3000000000000025,-0.009378115817224938,-0.034370651613659604,78.99950319769948,6.281361801833212,0.0007800706139988733,0.0,-0.00929774431896645,-0.03246180559358132,28.172505957936163,-7.470482498969153e-05,0.0009717942152985417,0.0,900.0002394206475,899.9993106714156,899.9994435025803,899.9999533377062
3.3600000000000025,-0.00994997127243664,-0.03635063277403496,80.68987785976653,6.2813571583911525,0.0008378625418146157,0.0,-0.00976916312230514,-0.033537921386126025,28.173296160905117,-8.276403219256975e-05,0.0009459992286890602,0.0,899.999946858158,899.9988798751206,899.9993088170011,899.9989842105193
3.4200000000000026,-0.01055112672263141,-0.03839525644377011,82.38029620778087,6.28135190713979,0.0008940290234056292,0.0,-0.01027427282635225,-0.034616609391895974,28.173965207317753,-9.703803937340054e-05,0.0009163146070863989,0.0,899.999389647577,899.9981657300186,900.0009643538335,900.0003882644022
3.4800000000000026,-0.011183574066053383,-0.040504689683498026,84.07075156104729,6.281346245955657,0.0009480723309129857,0.0,-0.01081205632416141,-0.0356983006442368,28.174532238046428,-8.898263191615696e-05,0.0008695121079052774,0.0,900.0010994101598,899.999182958358,900.0001054806227,900.000433971636
3.5400000000000027,-0.01184923346416429,-0.04267911643264523,85.76123814381516,6.2813411913950326,0.0009999929444450828,0.0,-0.011381126577901817,-0.036783016419367834,28.175008476135474,-7.47626214786621e-05,0.0008570036043302926,0.0,900.0001443299246,899.9996177060656,899.999657050889,900.000234993126
3.6000000000000028,-0.012549951293264335,-0.04491870715890829,87.45175101827923,6.2813371530667546,0.0010514893111208679,0.0,-0.01198062013505103,-0.037870355166844304,28.17541049627249,-5.2392458373181475e-05,0.0008608114771269262,0.0,900.0001156418779,900.0002500493093,899.9993821228128,900.000289777654
3.660000000000003,-0.013287548729241023,-0.04722360108135159,89.14228618327807,6.281333783934242,0.001103262219158907,0.0,-0.012610469584001914,-0.038959704783895925,28.175752992423153,-6.367422408616244e-05,0.0008670228972246065,0.0,900.000118235079,900.0003498903849,900.0012114087027,900.000755779005
3.720000000000003,-0.014063852084363363,-0.049593913102935885,90.83284003341416,6.281329861261376,0.0011551548408768042,0.0,-0.01327083981284273,-0.04005101538757874,28.176034860716427,-6.87860716273218e-05,0.0008605841467316343,0.0,899.9996687650868,899.9993879982663,899.9995977569614,899.9993922470566
3.780000000000003,-0.014880693360747625,-0.05202977034725568,92.52340933180682,6.281325640186369,0.0012076935649849574,0.0,-0.013961745682697532,-0.04114457451765847,28.176269132305507,-7.348239602521258e-05,0.0009057565116889933,0.0,899.9986021038642,900.0004115285843,899.998574277136,899.9983857140143
3.840000000000003,-0.01573992593171746,-0.0545313139594219,94.21399164249874,6.281320852802947,0.0012628726341423757,0.0,-0.014684117414003411,-0.042240599933304715,28.176469458965407,-9.240980205995586e-05,0.0009474311208106968,0.0,899.9989518787528,900.0006186371598,899.9995709138533,899.998806162566
3.900000000000003,-0.016643483414764446,-0.05709870449421922,95.90458493653904,6.281315126337454,0.0013200158892603397,0.0,-0.015439438521637724,-0.043339564432681464,28.17663609228532,-0.0001015055306449457,0.00096230050975928,0.0,899.9991434005823,899.9997237138351,899.9990620077023,899.9986958418716
3.960000000000003,-0.017593372354997715,-0.059732134524911815,97.59518748871108,6.281307614844756,0.0013771943559506283,0.0,-0.016228540242412364,-0.04444201961165289,28.176778668011185,-0.00017261485054457886,0.0009343123277601434,0.0,899.99961331078,899.9984577251489,900.0014785697515,899.9986013309873
4.020000000000002,-0.018591612434992102,-0.06243185784757917,99.28579808924133,6.281294416604068,0.0014324782849159945,0.0,-0.017050987063167752,-0.0455497762544095,28.176904782944753,-0.000314869172151384,0.0008955544767734667,0.0,900.0006119860635,899.9990209034519,900.0041536911338,899.9983970506469
4.080000000000001,-0.019640169603825173,-0.06519830670163006,100.97641559204052,6.281271420140492,0.0014870821844077398,0.0,-0.017905645414929446,-0.046667005206890544,28.17700928503477,-0.0005204631835674232,0.000939075627464636,0.0,899.9986795944267,900.0004213612448,900.0052043425995,899.9968860159318
4.14,-0.020740979470185588,-0.0680322340928973,102.66703877341531,6.281236568539615,0.0015440412571807727,0.0,-0.018792961190646183,-0.04780011758364696,28.177094551302343,-0.0007019509923964391,0.0009697983161356836,0.0,899.9987691371684,899.9999916352085,900.0040654293535,899.9967280356029
4.199999999999998,-0.021896040563954985,-0.07093479837104912,104.35766654353816,6.281190647762045,0.0016023886651943542,0.0,-0.01971416130361699,-0.04895586041422878,28.17716267195125,-0.0008924631114700609,0.0009777742232135456,0.0,899.9996389710869,899.999939621501,900.0027244964584,899.9950257857918
4.259999999999997,-0.023107407636106077,-0.07390755405785929,106.0482980450229,6.281134704649766,0.0016628594169709743,0.0,-0.020669941145650867,-0.050140768048765376,28.17721921758239,-0.0010123640278702766,0.0010679325193997367,0.0,899.9992149992015,900.0028435295035,899.9998890111741,899.9950540834066
4.319999999999996,-0.02437720786543862,-0.07695241456764776,107.73893269337748,6.281072886213579,0.0017280741540277589,0.0,-0.021662377443583642,-0.05135992527096959,28.177267766451042,-0.0010662245609741126,0.0011248518058832738,0.0,899.9997465162444,900.002026976394,899.9991117799914,899.9969539346918
4.379999999999995,-0.025707718937210883,-0.08007152663031766,109.42957003914815,6.281007872930857,0.0017972264140082572,0.0,-0.022693957673124814,-0.05261610054503856,28.177309304376955,-0.001118243953794909,0.0012078621267096181,0.0,899.9993149252023,900.0026506973197,899.9993167491044,899.9972346709918
4.439999999999993,-0.027101363422658266,-0.08326716730331413,111.12020948031453,6.280939344808914,0.0018709682530015925,0.0,-0.023767243611902238,-0.05391116911857791,28.17733793476368,-0.0011899698462427756,0.0012713418579110545,0.0,899.9981316319993,900.0006746470509,899.9993614887003,899.9964825343327
4.499999999999992,-0.028560722373741475,-0.08654173679018802,112.81085062907697,6.280866469161168,0.0019489765390172664,0.0,-0.024884793163906373,-0.05524743864186863,28.177366228574762,-0.0012638972614687843,0.0013576789611308444,0.0,899.9981644540584,900.0016316949445,900.0004236808542,899.997457175052
4.559999999999991,-0.030088530497332774,-0.08989778345104817,114.50149328401761,6.280790002234429,0.002031309466681286,0.0,-0.02604929879912698,-0.0566274256740569,28.177388293529763,-0.0012955640240766134,0.0014012779008420084,0.0,899.9993539882154,900.0010885859077,899.9988278395052,899.9975743711017
4.6199999999999894,-0.03168767444094602,-0.09333798599312335,116.19213727175119,6.280712485749584,0.0021164142914091855,0.0,-0.02726288956553258,-0.05805276344546046,28.17741064196832,-0.001284695857027241,0.0014526696355781563,0.0,899.9995695242993,900.0016187383014,899.9989924673633,899.9994622058019
4.679999999999988,-0.033361149425101315,-0.09686507608232318,117.8827824359016,6.280635185879316,0.002204470993620866,0.0,-0.02852726447467682,-0.05952363953175707,28.177427636037226,-0.0012956041176109174,0.0014974845052630576,0.0,899.9989961456554,900.000777892388,899.9997289734678,899.9993166084414
4.739999999999987,-0.03511205280529754,-0.10048178642680337,119.57342856111326,6.280557231043261,0.002293663437137994,0.0,-0.029844003498164507,-0.061040162489848664,28.177442718071447,-0.0013065358921508423,0.0014646402201918777,0.0,900.0005837212242,899.9992195795605,900.0001655628427,899.9997524875533
4.799999999999986,-0.036943533415100926,-0.10419086770796006,121.2640755376831,6.280478187094303,0.002382637236734375,0.0,-0.03121307609825597,-0.06260274693766515,28.17745604876911,-0.0013391384805224234,0.0015193911539738167,0.0,899.9995674407033,900.001751295906,900.0002705851991,899.998980166299
4.859999999999984,-0.038858743169798336,-0.10799510550963147,122.954723290435,6.280399331615875,0.0024743511257669937,0.0,-0.032635238656728405,-0.06421212359640445,28.17746860253722,-0.0012645342806278195,0.0015469091405702431,0.0,900.0014116672502,900.0024914885316,899.9974771144683,900.0005288865426
4.919999999999983,-0.04086091023076811,-0.11189728384189328,124.64537158705794,6.280324921056847,0.0025672220747985364,0.0,-0.0341117760034095,-0.06586704181494266,28.17747433946113,-0.001191494943052628,0.0015497294427567194,0.0,900.0007626719914,900.0008417291165,899.9973389595668,900.0003257065083
4.979999999999982,-0.042953312437937125,-0.11590005671602822,126.33602009220776,6.280255320880263,0.0026591531752799824,0.0,-0.03564304296402791,-0.06756487342535392,28.17747565296172,-0.0010970816714456944,0.001497066699044083,0.0,900.0009335511489,899.9987656904204,899.9969941346903,900.0008448179477
5.0399999999999805,-0.04513920606685624,-0.12000591050129662,128.02666855557572,6.280190463902912,0.0027470817099102263,0.0,-0.03722784264029245,-0.06930261753727782,28.177473031088038,-0.001048699088456247,0.0014022069106745078,0.0,900.0019319373973,899.9980564107128,899.9968779326484,899.9988624422613
